interceptorThread awakes
Thread 0 cancelada
Thread 1 cancelada
Thread 2 j치 havia terminado: 767
Relat칩rio: Thread 0 terminou cancelada
Relat칩rio: Thread 1 terminou cancelada
Relat칩rio: Thread 2 terminou com sucesso
Algoritmo 0, tempo: 18446744073709551615
0 0 0 0 0 0 0 0 0 0 0 0 0 1 1 1 1 1 1 1 1 1 1 1 1 1 1 1 1 1 1 1 1 2 2 2 2 2 2 2 2 2 3 3 3 3 3 3 3 3 3 3 3 3 3 3 3 3 4 4 4 4 4 4 4 4 4 4 4 4 4 4 4 4 4 5 5 5 5 5 5 5 5 5 5 5 5 5 5 5 5 5 5 5 6 6 6 6 6 6 

Algoritmo 1, tempo: 18446744073709551615
40169 40169 40169 40169 40169 40169 40169 40169 40169 40169 40169 40169 40169 40169 40168 40168 40169 40169 40168 40168 40169 40169 40168 40168 40169 40168 40169 40168 40168 40168 40168 40168 40169 40169 40168 40168 40168 40166 40168 40168 40168 40168 40169 40168 40167 40167 40168 40167 40169 40168 40168 40168 40167 40167 40167 40167 40168 40167 40167 40166 40168 40167 40166 40167 40168 40166 40169 40168 40160 40168 40168 40167 40168 40167 40166 40165 40166 40168 40167 40167 40168 40167 40164 40166 40167 40166 40168 40167 40167 40166 40167 40166 40167 40165 40164 40166 40166 40167 40168 40165 

Algoritmo 2, tempo: 767
0 0 0 0 0 0 0 0 0 0 0 0 0 0 0 0 0 0 0 0 0 0 1 1 1 1 1 1 1 1 1 1 1 1 1 1 1 1 1 1 1 1 2 2 2 2 2 2 2 2 2 2 2 2 2 2 2 2 2 2 2 2 2 2 2 2 2 2 2 2 2 3 3 3 3 3 3 3 3 3 3 3 3 3 3 3 3 3 3 3 3 3 3 3 3 3 3 3 3 4 

